1403637133838319104 -2268371.124496 5008269.76700078 3222178.90108582 1.07518970793851 -1.11310936749805 1.19798212213718
1403637134838319104 -2268370.85273967 5008270.94480379 3222178.24794084 -1.37008097105081 0.807555563336727 -0.333455757334519
1403637135838319104 -2268370.86693283 5008270.91048624 3222178.64008317 0.859227258776515 0.0058615855932917 0.846875509649949
1403637136838319104 -2268370.73048828 5008271.08792955 3222178.79585634 0.644475177353407 0.0587972521336626 0.147973067425902
1403637137838319104 -2268370.23251386 5008270.98737124 3222178.61275783 -0.543684280811446 0.743535748199328 0.695545547777133
1403637138838319104 -2268370.02612072 5008271.2902767 3222179.47679478 -0.664337440859615 0.443492407886486 -1.1128055165745
1403637139838319104 -2268371.19830186 5008271.21242053 3222177.79821312 0.195846035044159 -0.112469189177917 0.0147925649328909
1403637140838319104 -2268370.71293905 5008270.57232087 3222178.6600399 -0.181862889294429 -0.788104477041599 0.435588772330021
1403637141838319104 -2268371.00339422 5008271.08194527 3222178.90919357 -0.12504971030068 -0.221876396148894 -0.612388513999581
1403637142838319104 -2268371.20240748 5008271.92193764 3222177.65533327 0.172855220948138 0.463256292332233 0.148712728714812
1403637143838319104 -2268370.32645406 5008270.68838698 3222178.67057788 0.489092907840954 -0.23523696266473 -0.266970144496485
1403637144838319104 -2268370.21057313 5008270.91853666 3222178.56819319 -0.0843621470668459 0.227022416254263 -0.381460854278927
1403637145838319104 -2268371.03613381 5008269.27177672 3222178.34327494 0.20041949652453 0.256722659598573 -0.589246682462125
1403637146838319104 -2268369.98741395 5008270.80960557 3222177.94394442 0.446393220291902 -0.475735449011817 -0.191619582228325
1403637147838319104 -2268370.79840424 5008270.6844407 3222177.83072811 0.56249391378894 0.738297177446489 -0.246020541891301
1403637148838319104 -2268370.87528151 5008270.33209184 3222177.7564241 0.3361191153711 0.0737126664458538 0.443845789600884
1403637149838319104 -2268370.39171582 5008271.64141035 3222177.50923477 -0.155069108839312 -0.491750927166867 -0.265575285055366
1403637150838319104 -2268370.65645018 5008271.19526841 3222178.01086604 0.121481218561113 0.584497637455646 0.370720740805006
1403637151838319104 -2268370.31517678 5008270.03301833 3222178.75079387 1.12661326320548 -0.522012473307071 -0.261442747548605
1403637152838319104 -2268369.60743893 5008269.30058048 3222177.3787052 -0.603149320997882 0.212611449984543 -0.880182116267156
1403637153838319104 -2268370.26846744 5008270.66513559 3222177.9762534 0.994065292621415 0.0637875088033824 0.350696247810386
1403637154838319104 -2268370.75672412 5008269.37377695 3222178.01889885 0.480382168543084 -1.0196532619737 -0.392657903945074
1403637155838319104 -2268370.41803456 5008270.1503627 3222177.78949226 -1.03512989485237 -0.558649672605761 0.0144255188971989
1403637156838319104 -2268370.52212466 5008268.93236098 3222177.82747554 -0.437829715930505 -0.0819827563208012 0.315826918750292
1403637157838319104 -2268371.02178255 5008267.9307816 3222178.37412901 -0.79544629421754 -0.0270416244191871 1.1914070564539
1403637158838319104 -2268371.0195886 5008267.49643841 3222178.25897799 -0.546281768903464 0.278467995924709 0.267251731636794
1403637159838319104 -2268373.03832255 5008267.21829055 3222179.88906963 -1.66528520560718 0.0329430459986316 1.39653250457502
1403637160838319104 -2268373.67460253 5008267.57713517 3222180.21120216 -1.31343028228048 -1.12713529807316 0.986119261477106
1403637161838319104 -2268373.90866998 5008266.16204443 3222181.23359391 -1.10813547107422 -0.0664615319170144 1.45395126658757
1403637162838319104 -2268375.54603479 5008266.37080651 3222181.82530027 -1.37247175151099 0.613684761108171 1.43956846618243
1403637163838319104 -2268375.71232131 5008267.49684584 3222182.51890777 0.116948469349952 1.9181600944615 -0.0295322649958982
1403637164838319104 -2268374.91607836 5008268.52852577 3222183.40557304 1.53796046994978 1.56101004243059 0.814271253330342
1403637165838319104 -2268373.91204531 5008272.10035819 3222184.3374074 -0.401581145966505 2.36481207348886 0.515585136847817
1403637166838319104 -2268374.13139324 5008271.60990023 3222184.70660783 -0.557356065732573 1.60777460319186 -0.00333151587265522
1403637167838319104 -2268374.09533614 5008270.80038663 3222183.62206176 0.138460269653702 -1.90351359524714 -1.29877036242162
1403637168838319104 -2268374.25322249 5008269.87987874 3222183.51692786 -0.0608290645469045 -0.41050551685108 -0.899295902393306
1403637169838319104 -2268374.5014348 5008269.09925911 3222182.48641526 0.556204005016029 -1.39348346718603 -0.256794600945344
1403637170838319104 -2268374.84554706 5008267.39518633 3222180.03483254 0.167513174026968 -1.09458390702455 -1.52894107127698
1403637171838319104 -2268374.52663424 5008267.49374471 3222180.50784555 0.729576166822529 -0.115039329814692 -0.591451676723144
1403637172838319104 -2268373.15049034 5008267.26734269 3222178.64085499 2.04923116395082 -0.0459874546629667 -1.1489728867244
1403637173838319104 -2268373.04195712 5008267.51181125 3222178.19596112 0.270141958969594 0.445805419295546 0.0470486769288888
1403637174838319104 -2268373.18717871 5008267.8974149 3222178.55205927 0.455279979681629 -0.101734293024753 0.563712230901758
1403637175838319104 -2268373.8449003 5008269.0935875 3222179.37989578 0.796795321953494 0.810407325339466 1.32023270025266
1403637176838319104 -2268373.73249155 5008270.22096654 3222180.77293793 0.209504153903361 1.83436436881514 0.365754698345459
1403637177838319104 -2268373.64733155 5008271.49615115 3222181.36133797 -0.931214833232573 1.1432280170287 0.771208388571221
1403637178838319104 -2268373.79542982 5008271.36285677 3222182.85320141 -1.03900242437218 -0.344203506195507 0.708268459150822
1403637179838319104 -2268374.55770543 5008270.70413552 3222182.1625664 -0.517660145456602 -1.11056988181613 0.0641984348817826
1403637180838319104 -2268375.22847772 5008269.93895161 3222182.98284218 -1.05097241558007 -0.628412480617623 0.179514838535964
1403637181838319104 -2268375.65796129 5008268.76448267 3222182.04419441 -0.309096419173068 -1.39173566822461 -0.0550691948459098
1403637182838319104 -2268374.10909077 5008266.86068325 3222181.19914418 0.424970610960908 -1.38043161030528 -1.51231784414726
1403637183838319104 -2268374.39036154 5008266.56825819 3222180.48785726 -0.187889682555666 -0.159498709885265 -1.323748187191
1403637184838319104 -2268374.16749107 5008266.86660893 3222179.38973171 -0.10602483815182 1.11513247730132 -1.50938000035145
1403637185838319104 -2268372.77361241 5008267.57143806 3222178.65448885 1.30761821600352 0.766616990091686 0.349034520769032
1403637186838319104 -2268372.76534165 5008267.89178415 3222179.42037107 0.717930382248713 1.05868894783653 0.325262391768703
1403637187838319104 -2268372.38710473 5008269.42762111 3222178.90029414 -0.0183274327384156 0.712603683339033 1.07418242671318
1403637188838319104 -2268373.11965254 5008269.60394888 3222179.4567388 -0.666174298511518 1.11618028463759 -0.535016418608012
1403637189838319104 -2268373.23292443 5008270.99688704 3222180.72644926 -0.403582092874732 0.790162677502849 0.457861445025272
1403637190838319104 -2268373.00304993 5008271.71079306 3222181.08179479 0.266659534328052 -0.77899157003635 0.275528105002541
1403637191838319104 -2268372.68696474 5008273.16761955 3222182.25170495 0.934407791456352 0.377557085761622 0.724699490608748
1403637192838319104 -2268373.78489871 5008272.39246819 3222183.07605542 0.140717868355229 0.110814379065492 -0.322458319345792
1403637193838319104 -2268373.17560262 5008271.8354604 3222182.06585575 -1.07890217275735 -1.26243834625238 1.11333487777876
1403637194838319104 -2268373.84235494 5008272.29308459 3222182.64074549 -0.251421947496602 -1.02375778979772 1.58470350084979
1403637195838319104 -2268372.8749802 5008270.91037265 3222184.99327515 -1.32890576892221 -0.998882839116625 0.895886882961183
1403637196838319104 -2268374.46877342 5008270.81604347 3222183.78228646 -0.764078456588678 -1.74147349325556 -0.852985340276844
1403637197838319104 -2268375.68098465 5008268.26866713 3222182.74883153 0.1868947495212 -1.11110968550893 -0.97095807872631
1403637198838319104 -2268374.10038625 5008266.04352412 3222181.54479095 0.174363908433754 -1.34904600635796 -2.39269923998291
1403637199838319104 -2268372.99158661 5008266.2333121 3222180.33578896 0.594268142411011 -1.11309859397631 -3.24403511292172
1403637200838319104 -2268371.89493651 5008265.74599035 3222177.77281031 0.508141210680243 1.38939498500997 -0.795067591322838
1403637201838319104 -2268370.81353888 5008266.06085944 3222177.35233767 -0.300297917171542 0.467606311590373 0.85707918104139
1403637202838319104 -2268371.73476898 5008267.92708525 3222177.72429903 -0.302808841015508 0.217793362998339 1.33340686934796
1403637203838319104 -2268371.82932572 5008267.6894777 3222177.97435197 -1.32576677369447 -0.261844048634537 0.459101530400609
1403637204838319104 -2268371.77663503 5008267.02352996 3222178.67134155 0.365959046227797 -0.595420066409254 0.143426710491098
1403637205838319104 -2268371.80509114 5008267.70095238 3222178.18140807 1.08270931545863 -0.411361556558106 0.65194797624355
1403637206838319104 -2268372.5628225 5008267.55488765 3222179.0394535 0.529014169809815 0.385678152596107 -0.051048177707739
1403637207838319104 -2268371.28050728 5008268.67277049 3222178.69416451 -0.156212872362178 0.581468855814697 0.680492650713322
1403637208838319104 -2268372.49685226 5008269.23167111 3222178.34783862 -0.421617858226065 -0.349737738613682 0.820269807087591
1403637209838319104 -2268371.06966495 5008268.88329532 3222178.21995577 0.806382470137778 0.0694554478313065 -0.142433830682907
1403637210838319104 -2268372.14868262 5008267.1647552 3222178.14343599 -0.418131033678984 -1.39634707400936 -0.996755220991866
1403637211838319104 -2268371.88264478 5008266.02978746 3222176.20137826 -1.49256458673682 -1.66015660429278 -0.297204354331363
1403637212838319104 -2268373.5526556 5008264.54471115 3222175.9473181 -0.849262628813436 -1.82801812895331 -0.496499082570263
1403637213838319104 -2268372.51023606 5008262.89477453 3222175.38653372 -0.348147320277367 -1.412140427003 -0.761460900578958
1403637214838319104 -2268371.98481984 5008262.04934507 3222175.03130766 1.00972286267755 -0.197204896719932 -0.473011644397133
1403637215838319104 -2268371.1396869 5008263.21246916 3222173.906016 0.860863667182025 0.234176471790364 -1.26526733817524
1403637216838319104 -2268370.79008286 5008263.42322629 3222174.41594996 0.411141474007309 1.56983054595927 0.0378834350517497
1403637217838319104 -2268370.85966506 5008264.68764779 3222175.00543072 0.108646108817396 1.27707498164754 1.57074265058449
1403637218838319104 -2268370.60499535 5008265.68181644 3222174.93447851 -0.00154740103050399 1.81384350307607 0.760594405263109
1403637219838319104 -2268371.47969818 5008267.74395539 3222176.74847479 0.0304377165115084 1.70008188996092 1.65917569512752
1403637220838319104 -2268371.92836102 5008268.95636169 3222178.13774644 -0.0461761990918151 1.87101485601089 0.930663772347952
1403637221838319104 -2268371.12353226 5008269.41858795 3222179.74859495 0.308657194699132 0.564633582766033 0.430236519285287
1403637222838319104 -2268371.14842029 5008270.71103333 3222180.31369793 0.248665264648578 0.10476734788406 0.54826222321837
1403637223838319104 -2268370.81962807 5008269.88571667 3222180.13953395 -0.115697450277756 1.20331280478672 0.0523170870747332
1403637224838319104 -2268371.65961809 5008269.49186186 3222180.59092675 0.418536222488474 -0.382263371205382 -0.377929686328199
1403637225838319104 -2268371.68208233 5008270.48334213 3222179.47677261 0.840462239381866 -0.766607495311556 0.491720088809217
1403637226838319104 -2268371.45040669 5008270.27562598 3222179.98274611 0.499968232029729 0.549616455210103 -0.651688234421823
1403637227838319104 -2268370.81799297 5008270.69950533 3222180.0000081 -0.0914806810367784 0.0226304756219241 0.413024159885932
1403637228838319104 -2268371.33242664 5008271.09758647 3222179.09855204 0.25122409506943 0.173534426019626 0.0219560037487791
1403637229838319104 -2268369.77846964 5008271.69503557 3222179.26660473 0.39743404509424 -0.813360762338354 -0.778462465298457
1403637230838319104 -2268371.67260338 5008270.90331184 3222179.78312926 0.895508179969324 -0.609599824081076 0.542488395054612
1403637231838319104 -2268371.68976092 5008270.83901236 3222179.48633355 -1.02508838191522 -0.0325218962067838 0.923743994816228
1403637232838319104 -2268372.5418244 5008270.89376491 3222180.28715526 -0.296008744903955 0.707552690284088 1.32476395635888
1403637233838319104 -2268372.91425838 5008271.04207012 3222181.21117331 -1.23945161982966 -0.0112615276409593 1.04393155868471
1403637234838319104 -2268374.37287976 5008271.09545719 3222181.91881528 -1.09734320968881 -1.18705317025642 0.526086680610424
1403637235838319104 -2268376.19071863 5008268.21131626 3222181.113881 -1.36407701349054 -1.57123660594331 -0.312383009429725
1403637236838319104 -2268375.01567107 5008266.97208052 3222180.88451241 0.323595797541712 -2.27897091778931 -1.96271441991
1403637237838319104 -2268374.15055105 5008267.08266221 3222178.69169793 2.33125001195827 -0.76328547786904 -1.56191421088381
1403637238838319104 -2268372.37488669 5008266.82119917 3222178.41246949 1.77911500050666 1.27975151697259 -0.161536285744178
1403637239838319104 -2268372.96903181 5008267.67587079 3222180.46529124 -1.13203188770894 0.628340713152268 1.45832121979091
1403637240838319104 -2268372.40993616 5008270.08253538 3222181.77816851 -0.684641112413594 1.53137110627287 1.13922825821096
1403637241838319104 -2268374.26275452 5008270.79382465 3222184.24423201 -0.781638699996646 0.618534404653341 1.24146700752675
1403637242838319104 -2268375.13039497 5008271.01611028 3222183.29065025 -0.4786201018247 -0.858183444702668 -0.326976960446627
1403637243838319104 -2268374.96402559 5008270.26584836 3222183.25004955 -0.183559372032226 -0.893148161122093 -0.361169703639766
1403637244838319104 -2268373.66802564 5008268.04177941 3222182.38348022 0.163128708113187 -0.420565502740994 -0.0268408297485074
1403637245838319104 -2268373.22356693 5008266.77088818 3222181.60914486 0.106371214238497 -1.45247345595398 0.149380853650745
1403637246838319104 -2268374.3900527 5008267.90708827 3222182.8200316 -0.931361388459009 -1.79916812769438 -1.03499141657527
1403637247838319104 -2268375.53877428 5008265.86314456 3222180.85638845 0.399483672635638 -0.551025292159207 -1.38984421389986
1403637248838319104 -2268373.84288981 5008266.47367336 3222179.93767347 1.52017919734889 0.211277408915558 -1.4004540138919
1403637249838319104 -2268373.11213211 5008267.25332384 3222179.57628876 0.39877073348708 0.822999272322553 -1.77832225725683
1403637250838319104 -2268372.61379928 5008267.47797867 3222178.15356533 0.0215197829707597 0.817824259243948 -0.493052535502555
1403637251838319104 -2268371.15359447 5008267.74866322 3222177.95057671 0.0718669673476763 -0.0048673116179684 -0.639368760118487
1403637252838319104 -2268371.01349554 5008267.01144855 3222176.99449482 0.138272401962333 0.531639528401345 0.300084062704121
1403637253838319104 -2268372.37923742 5008267.50019284 3222177.46373383 0.537028848754805 -0.239600428208245 -0.0590610875823942
1403637254838319104 -2268371.37851651 5008268.26168968 3222178.27083757 0.222905684055817 0.38689287969433 0.0515646995782787
1403637255838319104 -2268371.00408537 5008268.50731025 3222179.07196485 -0.159332346504006 0.627695528100535 0.103466219070063
1403637256838319104 -2268370.39738427 5008269.08199435 3222178.18119864 -0.172693550539536 0.612284426837422 0.302042253615803
1403637257838319104 -2268369.86958842 5008269.50119966 3222178.72879838 -0.0804725098555167 0.755056951615584 -0.279544865852197
1403637258838319104 -2268370.48539428 5008270.65820003 3222179.28407708 0.20428115862749 0.565698617733605 0.359958191892066
1403637259838319104 -2268370.24920033 5008271.33030688 3222178.62822002 0.00941697744096948 -0.00581392577425009 1.0015295256242
1403637260838319104 -2268370.15946115 5008270.59557417 3222179.03023638 -1.03642173608639 0.499819589971457 -0.0848529516992138
1403637261838319104 -2268370.95503245 5008271.2517962 3222178.61577785 0.127904538970447 0.374460028217571 -0.400771832829438
1403637262838319104 -2268370.39742456 5008270.518264 3222179.45456578 -0.074015161037665 -0.644674301888003 -0.556314034364151
1403637263838319104 -2268370.10786406 5008271.43142701 3222177.9161435 -0.376904043822106 -0.0199456883787511 -0.435950584814188
